8365.7,8377.1,8315.4,8360.55,
8397.25,8471.65,8355.4,8459.65,
8470.6,8480.25,8424.1,8454.1,
8463.4,8531.4,8462.95,8523.8,
8546.15,8616.1,8542.9,8608.05,
8623.65,8642.95,8593.15,8609.85,
8623.9,8624.1,8559,8603.45,
8601.5,8646.75,8517.9,8529.45,
8512.25,8643.9,8498.65,8633.5,
8643.95,8654.75,8573.8,8589.8,
8588.15,8589.15,8513.5,8521.55,
8492.1,8492.2,8351.55,8361,
8371.1,8397.4,8321.75,8337,
8365.6,8381.5,8338.45,8375.05,
8417,8458.9,8408.3,8421.8,
8456.1,8548.95,8448,8532.85,
8510.65,8563.95,8508.1,8543.05,
8564.1,8565.15,8448.25,8516.9,
8547.45,8591.85,8545.85,8567.95,
8585.8,8606.3,8551.5,8588.65,
8580.8,8595.95,8552.7,8564.6,
8577,8621.55,8497.8,8525.6,
8548.45,8556.25,8441.3,8462.35,
8445.7,8446.95,8337.95,8349.45,
8384.45,8429.5,8339.75,8355.85,
8402.35,8530.1,8381.2,8518.55,
8530.5,8530.6,8428.05,8477.3,
8505.85,8525.75,8433.6,8466.55,
8468.05,8520.45,8425.95,8495.15,
8471.05,8501.35,8359.75,8372.75,
8305.4,8322.2,8225.05,8299.95,
8055.95,8060.05,7769.4,7809,
7895.4,7925.4,7667.25,7880.7,
7865.25,7930.05,7777.1,7791.85,
7921.6,7963.6,7862.3,7948.95,
8053.7,8091.8,7961.65,8001.95,
8009.25,8043.6,7947.95,7971.3,
7907.95,7929.1,7746.5,7785.85,
7856.65,7862.55,7699.25,7717,
7774.45,7845.6,7754.05,7823,
7803.4,7804.9,7626.85,7655.05,
7685.85,7705.05,7545.9,7558.8,
7587.7,7720.9,7539.5,7688.25,
7805.85,7846.05,7764.55,7818.6,
7729.05,7819.85,7678.5,7788.1,
7833.8,7864.85,7759.9,7789.3,
7811.1,7879.95,7761.85,7872.25,
7867.35,7880,7799.75,7829.1,
7886.85,7913.9,7853.3,7899.15,
7967.45,8055,7955.85,7981.9,
7911.5,7987.9,7908.35,7977.1,
8014.8,8021.6,7787.75,7812,
7737.35,7882.9,7723.25,7845.95,
7838.4,7894.5,7804.1,7868.5,
7892.8,7893.95,7787.95,7795.7,
7725.7,7926.55,7691.2,7843.3,
7924.25,7957.7,7874.5,7948.9,
7992.05,8008.25,7930.65,7950.9,
8005.1,8128.9,8005.1,8119.3,
8180.45,8180.95,8096.5,8152.9,
8146.2,8188.9,8132.9,8177.4,
8196.75,8196.75,8105.85,8129.35,
8186.35,8232.2,8139.65,8189.7,
8231.5,8244.5,8128.2,8143.6,
8121.95,8150.25,8088.6,8131.7,
8102.4,8139.3,8096.35,8107.9,
8134.35,8190.55,8129.8,8179.5,
8193.65,8246.4,8147.65,8238.15,
8262.55,8283.05,8239.2,8275.05,
8280.3,8294.05,8229.2,8261.65,
8258.35,8294.4,8217.15,8251.7,
8308.25,8328.1,8280.75,8295.45,
8333.65,8336.3,8252.05,8260.55,
8230.35,8241.95,8217.05,8232.9,
8188.9,8209.1,8131.8,8171.2,
8175.45,8179.6,8098,8111.75,
8123.55,8146.1,8044.4,8065.8,
8054.55,8060.7,7995.6,8050.8,
8086.35,8100.35,8031.75,8060.7,
8104.9,8116.1,8027.3,8040.2,
8030.35,8031.2,7944.1,7955.45,
7956.55,8002.65,7926.15,7954.3,
7788.25,7937.75,7771.7,7915.2,
7877.6,7885.1,7772.85,7783.35,
7838.8,7847.95,7819.1,7825,
7762.45,7775.1,7730.9,7762.25,
7732.95,7838.85,7714.15,7806.6,
7848.75,7860.45,7793,7837.55,
7823.15,7843.4,7725.05,7731.8,
7788.5,7854.9,7765.45,7842.75,
7841.9,7906.95,7817.8,7856.55,
7869.5,7877.5,7825.2,7849.25,
7837,7870.35,7812.65,7831.6,
7837.15,7897.1,7832,7883.8,
7910.6,7959.3,7879.45,7942.7,
7936.25,7966,7922.8,7935.25,
7958.15,7972.15,7934.15,7954.9,
7976.7,7979.3,7910.8,7931.35,
7902.3,7912.3,7853.3,7864.15,
7817.6,7821.4,7775.7,7781.9,
7816.55,7825.4,7746.05,7765.4,
7738.5,7771.25,7685.45,7701.7,
7695.5,7702.85,7606.9,7612.5,
7643.3,7691.95,7610,7683.3,
7699.6,7703.05,7575.3,7610.45,
7558.2,7663.95,7551.05,7650.05,
7659.15,7705,7625.1,7700.9,
7725.25,7776.6,7715.75,7750.9,
7783.05,7852.9,7737.55,7844.35,
7828.9,7836.15,7753.35,7761.95,
7745.65,7840.75,7733.45,7834.45,
7829.4,7846.3,7776.85,7786.1,
7830.45,7871.45,7826.1,7865.95,
7888.75,7888.75,7835.5,7861.05,
7863.2,7937.2,7863,7925.15,
7929.2,7942.15,7902.75,7928.95,
7938.6,7944.75,7889.85,7896.25,
7897.8,7955.55,7891.15,7946.35,
7938.45,7972.55,7909.8,7963.2,
7924.55,7937.55,7781.1,7791.3,
7828.4,7831.2,7763.25,7784.65,
7788.05,7800.95,7721.2,7741,
7673.35,7674.95,7556.6,7568.3,
7611.65,7634.1,7581.05,7601.35,
7527.45,7605.1,7494.35,7563.85,
7587.2,7588.3,7487.8,7510.3,
7557.9,7590.95,7425.8,7562.4,
7467.4,7604.8,7443.8,7536.8,
7561.65,7566.5,7427.3,7437.8,
7420.35,7463.65,7336.4,7351,
7381.8,7462.75,7364.15,7435.1,
7357,7470.9,7241.5,7309.3,
7376.65,7398.7,7250,7276.8,
7355.7,7433.4,7327.6,7422.45,
7468.75,7487.15,7421.2,7436.15,
7469.6,7477.9,7419.7,7437.75,
7426.5,7468.85,7409.6,7424.65,
7413.35,7575.65,7402.8,7563.55,
7589.5,7600.45,7541.25,7555.95,
7566.65,7576.3,7428.05,7455.55,
7392.45,7419.4,7350.3,7361.8,
7411.45,7457.05,7365.95,7404,
7418.25,7503.15,7406.65,7489.1,
7489.7,7512.55,7363.2,7387.25,
7303.95,7323.45,7275.15,7298.2,
7264.3,7271.85,7177.75,7215.7,
7203.6,7208.65,6959.95,6976.35,
7023.65,7034.8,6869,6980.95,
7057.35,7182.8,7056.8,7162.95,
7201.25,7204.65,7037.7,7048.25,
7058.85,7123.7,6960.65,7108.45,
7177.4,7215.1,7127.85,7191.75,
7170.55,7226.85,7145.95,7210.75,
7208.85,7252.4,7200.7,7234.55,
7240.3,7241.7,7090.7,7109.55,
7075,7090.8,7009.75,7018.7,
7029.85,7034.2,6961.4,6970.6,
7039.3,7052.9,6985.1,7029.75,
7050.45,7094.6,6825.8,6987.05,
7038.25,7235.5,7035.1,7222.3,
7321.7,7380.35,7308.15,7368.85,
7429.55,7483.95,7406.05,7475.6,
7505.4,7505.9,7444.1,7485.35,
7486.4,7527.15,7442.15,7485.3,
7436.1,7539,7424.3,7531.8,
7545.35,7547.1,7447.4,7486.15,
7484.85,7543.95,7460.6,7510.2,
7542.6,7583.7,7515.05,7538.75,
7535.85,7545.2,7452.8,7460.6,
7457.05,7508,7405.15,7498.75,
7557.4,7585.3,7479.4,7512.55,
7534.65,7613.6,7517.9,7604.35,
7619.2,7713.55,7617.7,7704.25,
7695.55,7728.2,7643.8,7714.9,
7717.45,7726.85,7670.6,7716.5,
7741,7749.4,7587.7,7615.1,
7606.55,7652.9,7582.25,7597,
7651.1,7741.95,7643.45,7735.2,
7727.65,7777.6,7702,7738.4,
7718.05,7740.15,7666.1,7713.05,
7733.15,7764.45,7704.4,7758.8,
7736.3,7736.3,7588.65,7603.2,
7636.05,7638.65,7591.75,7614.35,
7630.4,7630.75,7535.85,7546.45,
7542.35,7569.35,7526.7,7555.2,
7577.8,7678.8,7516.85,7671.4,
7669.25,7717.4,7663.35,7708.95,
7777.15,7864.8,7772.2,7850.45,
7908.15,7920.6,7842.75,7914.7,
7950.05,7950.4,7877.55,7914.75,
7953.65,7978.45,7884.1,7912.05,
7891.8,7923.35,7873.35,7899.3,
7894.8,7911,7827,7855.05,
7828.15,7974.5,7822.55,7962.65,
7942,7991,7940.55,7979.9,
7967.4,7992,7834.45,7847.25,
7844.25,7889.05,7788.7,7849.8,
7822.7,7829.8,7777.3,7805.9,
7824.8,7890.25,7735.15,7747,
7724.15,7749,7697.25,7706.55,
7731,7777.55,7706.85,7735.5,
7717.65,7738.9,7678.35,7733.45,
7755.25,7873.65,7753.55,7866.05,
7873.55,7896.9,7837.7,7887.8,
7804.65,7893.1,7780.9,7848.85,
7871.45,7916.05,7849.65,7900.4,
7881,7881,7784.2,7814.9,
7831.2,7873.9,7772.15,7860.75,
7896.85,7940.1,7879.7,7890.75,
7846.75,7882.05,7810.75,7870.15,
7875.5,7876.2,7766.8,7783.4,
7792.2,7812.4,7735.75,7749.7,
7813.95,7820.6,7722.2,7731.05,
7738.05,7761.55,7715.8,7748.85,
7811.8,7941.2,7809.3,7934.9,
7974.45,8083,7948.5,8069.65,
8081.95,8164.2,8077.05,8156.65,
8166.5,8200,8150.8,8178.5,
8209.85,8213.6,8134.3,8160.1,
8179.2,8215.35,8171.05,8179.95,
8156.9,8229.5,8154.75,8218.95,
8246.2,8262,8209.85,8220.8,
8228.75,8234.7,8186.05,8201.05,
8235.55,8294.95,8216.4,8266.45,
8285.5,8288.9,8252.05,8273.05,
8273.35,8273.35,8184.6,8203.6,
8180.25,8265.6,8162.85,8170.05,
8102.25,8125.25,8063.9,8110.6,
8134.4,8134.95,8069.5,8108.85,
8139.4,8213.2,8123.15,8206.6,
8180.65,8180.65,8074.45,8140.75,
8176.65,8195.25,8135.8,8170.2,
8115.75,8244.15,8107.35,8238.5,
8255.4,8257.25,8202.15,8219.9,
8213.65,8238.35,8153.25,8203.7,
8201.15,8285.6,8188.3,8270.45,
8029.1,8100.7,7927.05,8088.6,
8039.35,8120.65,8039.35,8094.7,
8096.05,8146.35,8086.85,8127.85,
8173.1,8212.4,8157.65,8204,
8260.25,8308.15,8242.1,8287.75,
8313.05,8356.75,8308.65,8328.35,
8313.05,8356.75,8308.65,8313.05,
8313.05,8456.75,8313.05,8456.75,
