-3, 0, 0, -3
-2, 1, -2, -5
0, 1, 0, 1
1, 6, 5, 1
3, 4, 0, 6
7, 10, 4, 4
11, 7, 8, 10
8, 12, 8, 4
4, 4, 5, 1
1, 4, 0, 7
3, 7, 2, 7
4, 9, 7, 2
2, -2, 2, 8
-1, -2, 3, 1
0, -4, 0, -5
2, 6, 6, 8
0, 3, 0, 1
0, -4, 0, 2
-4, -1, 0, 2
-6, -7, -4, -2
-3, 1, -3, -6
-2, 2, -3, -3
2, 3, 6, 4
6, 11, 5, 11
9, 14, 11, 13
5, 10, 9, 1
9, 8, 10, 14
11, 9, 14, 8
14, 12, 11, 10
16, 20, 13, 15
16, 19, 16, 11
18, 17, 20, 24
14, 11, 12, 12
15, 18, 12, 12
15, 18, 12, 19
12, 12, 8, 18
11, 14, 14, 8
14, 17, 15, 20
16, 11, 16, 11
14, 18, 14, 10
12, 8, 8, 15
9, 5, 13, 5
13, 8, 16, 7
14, 10, 15, 19
18, 22, 22, 17
18, 17, 19, 19
19, 22, 19, 14
23, 27, 24, 29
22, 25, 18, 24
21, 25, 24, 27
19, 24, 23, 22
23, 27, 20, 23
26, 23, 27, 21
28, 26, 30, 24
26, 27, 22, 23
30, 35, 30, 32
27, 23, 29, 28
25, 24, 29, 26
27, 22, 26, 32
23, 20, 26, 24
27, 25, 27, 27
27, 22, 28, 23
31, 33, 33, 34
31, 32, 32, 27
30, 27, 32, 28
32, 29, 33, 34
34, 38, 32, 29
36, 34, 33, 31
40, 38, 41, 41
38, 35, 36, 35
34, 32, 37, 28
37, 42, 41, 36
35, 37, 32, 38
32, 37, 36, 36
30, 31, 33, 26
33, 37, 37, 38
35, 33, 32, 36
35, 39, 35, 35
35, 37, 32, 32
36, 36, 37, 31
35, 32, 32, 38
35, 33, 32, 30
31, 32, 35, 37
29, 27, 29, 33
27, 24, 28, 29
23, 25, 19, 17
27, 23, 25, 24
30, 27, 31, 36
30, 26, 30, 33
33, 30, 33, 35
31, 30, 34, 30
35, 37, 37, 33
34, 30, 38, 32
38, 41, 41, 32
40, 42, 43, 35
44, 46, 48, 43
45, 41, 48, 45
45, 47, 43, 43
45, 40, 41, 40
43, 42, 45, 47
45, 45, 46, 46
47, 51, 45, 45
44, 44, 45, 40
41, 45, 39, 42
38, 34, 42, 33
39, 37, 42, 35
37, 40, 36, 42
39, 42, 37, 33
35, 32, 33, 39
38, 40, 34, 39
38, 37, 35, 41
34, 33, 32, 33
35, 30, 35, 31
39, 42, 37, 37
43, 48, 43, 45
41, 39, 43, 45
44, 48, 44, 38
47, 46, 47, 49
46, 48, 49, 49
44, 46, 40, 38
46, 47, 48, 48
50, 47, 48, 44
49, 47, 46, 54
51, 49, 52, 56
53, 53, 50, 49
57, 54, 61, 59
53, 54, 56, 56
55, 60, 53, 61
56, 57, 56, 62
53, 54, 56, 57
49, 47, 53, 55
49, 52, 50, 50
49, 50, 47, 53
45, 49, 48, 41
47, 48, 46, 49
50, 46, 50, 52
52, 52, 54, 46
48, 48, 45, 48
44, 43, 47, 38
45, 44, 42, 44
48, 50, 44, 47
46, 45, 47, 50
43, 38, 39, 49
47, 44, 45, 48
50, 50, 52, 56
46, 51, 50, 51
45, 45, 44, 48
41, 41, 45, 41
39, 39, 36, 45
36, 33, 40, 39
39, 38, 37, 45
40, 37, 41, 41
37, 42, 38, 35
39, 35, 42, 40
37, 38, 38, 33
40, 41, 36, 41
36, 34, 32, 33
32, 35, 33, 38
32, 31, 29, 38
31, 36, 32, 35
29, 28, 32, 26
28, 26, 28, 31
30, 31, 33, 25
26, 24, 23, 32
25, 21, 26, 21
26, 21, 30, 22
22, 24, 22, 17
20, 15, 21, 15
23, 21, 22, 23
23, 20, 24, 28
19, 22, 22, 18
23, 23, 19, 29
26, 24, 28, 28
30, 25, 29, 32
34, 36, 36, 38
32, 30, 34, 30
28, 23, 29, 24
25, 21, 23, 21
28, 33, 32, 22
26, 23, 26, 32
24, 24, 25, 20
20, 21, 20, 26
19, 20, 17, 15
21, 19, 25, 15
23, 21, 22, 23
19, 16, 18, 21
16, 19, 13, 14
12, 16, 8, 14
10, 12, 8, 11
6, 3, 4, 11
9, 10, 13, 9
9, 12, 13, 13
8, 3, 4, 6
6, 8, 4, 6
3, -1, 3, 3
5, 0, 9, 5
1, 2, 3, -1
2, -1, 5, 8
-1, -5, 1, 2
3, 8, 5, 6
0, -3, 4, 4
-4, -7, 0, -6
-1, 4, -3, -3
0, 4, 4, -4
-2, -2, -1, 1
1, -2, 2, 0
3, 5, 0, 1
5, 2, 6, 10
7, 12, 5, 7
10, 10, 6, 5
12, 8, 12, 8
13, 15, 9, 12
9, 12, 5, 9
6, 10, 10, 8
9, 5, 9, 3
13, 14, 12, 8
15, 14, 15, 18
15, 12, 19, 16
19, 15, 18, 17
19, 24, 21, 18
16, 17, 18, 20
15, 16, 15, 17
18, 19, 20, 12
20, 23, 17, 15
20, 22, 17, 23
22, 18, 25, 17
25, 23, 22, 22
28, 28, 25, 34
27, 25, 24, 33
27, 24, 30, 29
26, 29, 29, 28
30, 31, 31, 24
31, 26, 29, 35
33, 31, 30, 29
34, 30, 35, 32
36, 32, 37, 41
38, 37, 37, 41
42, 37, 43, 39
46, 48, 49, 45
45, 42, 43, 45
47, 43, 45, 48
47, 44, 47, 47
46, 43, 44, 41
50, 53, 48, 55
51, 46, 48, 53
54, 58, 51, 58
55, 57, 55, 61
52, 54, 56, 56
53, 49, 56, 49
53, 53, 52, 51
54, 54, 56, 56
56, 53, 54, 50
60, 62, 58, 59
60, 59, 60, 58
61, 64, 57, 55
63, 61, 63, 69
65, 69, 64, 63
62, 58, 61, 66
60, 65, 61, 55
62, 65, 59, 67
58, 58, 58, 57
59, 54, 63, 65
59, 63, 63, 53
61, 58, 58, 60
64, 64, 60, 66
63, 67, 64, 62
64, 66, 67, 60
67, 66, 67, 73
71, 67, 75, 77
72, 77, 69, 77
68, 73, 71, 63
66, 64, 63, 60
70, 65, 72, 67
74, 72, 77, 72
76, 77, 80, 78
76, 81, 72, 75
73, 70, 69, 79
77, 80, 74, 74
81, 85, 83, 75
79, 81, 76, 84
82, 86, 84, 88
83, 87, 80, 84
86, 90, 86, 81
82, 87, 85, 81
85, 82, 82, 91
89, 90, 93, 87
85, 84, 85, 87
89, 91, 85, 92
90, 94, 90, 93
90, 90, 92, 92
94, 92, 92, 90
90, 85, 88, 86
86, 85, 83, 85
89, 85, 85, 84
89, 86, 89, 89
92, 96, 96, 93
89, 89, 91, 88
89, 93, 93, 89
90, 88, 87, 87
92, 93, 90, 91
93, 95, 97, 93
92, 91, 95, 98
94, 97, 95, 92
94, 90, 95, 94
92, 87, 93, 90
96, 95, 100, 96
99, 96, 101, 94
97, 97, 100, 91
96, 92, 93, 100
97, 95, 98, 103
96, 92, 92, 92
100, 102, 97, 102
100, 102, 102, 104
98, 93, 95, 100
100, 99, 98, 105
98, 97, 101, 93
96, 98, 97, 102
99, 95, 95, 94
97, 92, 95, 91
100, 101, 102, 100
100, 101, 98, 99
97, 101, 98, 97
98, 95, 96, 104
100, 95, 101, 95
99, 104, 101, 94
98, 99, 95, 101
98, 97, 99, 97
99, 95, 95, 97
99, 103, 101, 97
98, 94, 100, 97
96, 96, 95, 102
95, 91, 96, 101
96, 94, 93, 94
93, 97, 96, 90
94, 95, 93, 94
92, 93, 94, 91
89, 90, 88, 88
92, 89, 94, 86
94, 89, 96, 88
92, 87, 89, 89
94, 97, 93, 91
97, 94, 98, 94
100, 100, 102, 94
100, 96, 96, 100
100, 103, 102, 99
98, 98, 102, 97
100, 99, 101, 103
100, 102, 100, 103
97, 98, 96, 101
93, 96, 95, 87
89, 88, 87, 90
86, 91, 87, 85
83, 82, 85, 80
84, 79, 88, 87
81, 80, 81, 81
84, 82, 80, 90
80, 83, 83, 80
82, 82, 83, 84
86, 83, 90, 92
90, 87, 87, 90
94, 93, 95, 99
98, 103, 98, 99
100, 98, 99, 94
100, 102, 101, 100
100, 100, 100, 100
100, 98, 96, 95
100, 99, 100, 94
100, 98, 101, 102
100, 95, 103, 96
96, 100, 92, 94
94, 92, 91, 94
91, 96, 87, 94
93, 91, 93, 94
90, 93, 91, 91
87, 83, 84, 82
87, 84, 87, 90
87, 89, 85, 84
89, 94, 89, 87
88, 91, 86, 90
88, 90, 91, 86
89, 90, 85, 86
88, 87, 87, 90
84, 84, 84, 84
81, 78, 83, 87
79, 83, 83, 85
82, 77, 84, 82
79, 80, 82, 73
80, 78, 78, 82
78, 81, 82, 76
75, 77, 71, 72
72, 67, 69, 73
72, 75, 70, 76
76, 71, 77, 72
72, 76, 68, 71
71, 75, 71, 77
68, 68, 65, 71
64, 59, 61, 58
68, 63, 70, 66
71, 71, 67, 76
73, 73, 71, 70
70, 66, 71, 76
68, 72, 72, 70
70, 67, 72, 69
69, 66, 71, 73
72, 67, 70, 77
70, 66, 67, 64
72, 74, 73, 68
74, 78, 71, 80
77, 75, 81, 80
74, 69, 71, 79
77, 76, 75, 82
77, 77, 78, 83
77, 72, 78, 82
78, 82, 75, 81
76, 74, 76, 81
74, 77, 71, 76
78, 82, 75, 73
77, 74, 81, 74
76, 80, 78, 72
72, 77, 70, 70
76, 72, 80, 81
80, 80, 84, 76
76, 80, 78, 75
79, 79, 80, 84
82, 87, 81, 85
78, 75, 76, 75
78, 78, 74, 83
75, 75, 75, 73
76, 80, 77, 75
78, 79, 76, 79
75, 71, 75, 69
78, 83, 79, 73
82, 86, 86, 88
79, 81, 75, 74
77, 74, 74, 72
78, 80, 80, 80
75, 77, 75, 73
79, 84, 77, 84
81, 84, 77, 85
84, 87, 86, 87
85, 90, 86, 87
89, 93, 91, 92
85, 83, 82, 90
86, 88, 82, 90
83, 79, 82, 84
83, 81, 79, 86
87, 86, 83, 83
83, 85, 80, 87
83, 81, 84, 86
85, 83, 82, 82
86, 89, 87, 83
84, 82, 84, 85
88, 88, 87, 93
92, 88, 95, 92
92, 93, 92, 97
91, 88, 88, 93
91, 96, 91, 95
95, 93, 92, 97
97, 92, 93, 101
97, 97, 95, 98
95, 90, 91, 98
92, 96, 89, 96
94, 94, 93, 97
92, 96, 94, 93
90, 90, 92, 88
93, 98, 96, 99
92, 87, 88, 98
89, 94, 89, 87
86, 83, 90, 87
82, 78, 79, 77
81, 77, 83, 81
78, 78, 82, 77
78, 81, 74, 81
79, 78, 81, 84
82, 80, 82, 85
80, 76, 78, 86
83, 88, 82, 79
86, 81, 83, 87
84, 80, 81, 88
85, 80, 87, 81
81, 82, 84, 84
84, 83, 88, 85
86, 86, 88, 85
86, 91, 87, 80
90, 89, 94, 84
86, 88, 86, 80
83, 79, 86, 85
84, 86, 81, 84
82, 86, 80, 76
84, 79, 82, 80
84, 89, 84, 78
86, 83, 90, 81
83, 86, 85, 88
81, 85, 80, 76
77, 77, 81, 73
73, 78, 70, 69
69, 73, 72, 68
66, 63, 70, 61
69, 66, 67, 68
66, 68, 66, 62
64, 59, 63, 60
61, 56, 64, 65
63, 66, 64, 68
63, 61, 65, 67
62, 66, 59, 63
61, 65, 58, 56
59, 54, 55, 57
62, 64, 64, 63
58, 53, 60, 53
59, 54, 56, 60
56, 56, 59, 59
56, 59, 59, 57
57, 60, 58, 51
55, 57, 56, 58
55, 57, 57, 58
51, 47, 49, 50
48, 49, 45, 54
49, 44, 50, 47
47, 48, 47, 46
46, 42, 44, 44
48, 48, 52, 54
51, 54, 48, 52
52, 54, 51, 57
52, 57, 54, 55
51, 49, 51, 57
49, 47, 47, 44
46, 46, 50, 50
42, 42, 43, 38
40, 43, 36, 41
39, 38, 40, 35
36, 35, 32, 30
36, 36, 34, 41
37, 33, 40, 41
39, 38, 39, 33
39, 34, 43, 38
37, 39, 37, 38
38, 35, 38, 39
40, 43, 42, 35
39, 44, 36, 43
43, 43, 42, 43
43, 40, 45, 39
42, 38, 43, 38
38, 34, 35, 39
38, 36, 41, 41
40, 35, 41, 39
44, 46, 47, 41
47, 50, 48, 41
43, 46, 41, 49
39, 38, 43, 45
38, 40, 39, 40
42, 41, 45, 45
39, 42, 41,